# n = 105
# s = 10.806077865540567
# x y theta(rad)
5.00000000000001776e-01 1.03060778655405674e+01 -2.74845250725075374e-17
1.50000000000099476e+00 1.03060778655405674e+01 -5.23578593268668804e-17
2.50000000000198774e+00 1.03060778655405674e+01 1.07336015076064939e-17
6.71494651519106256e-01 9.30607786553957439e+00 -2.28912749422084745e-17
1.70215238784600764e+00 9.30607786553957439e+00 6.86059300873143669e-19
5.00000000000001776e-01 8.30607786553858141e+00 3.41883673335516974e-19
1.50000000000099476e+00 8.30607786553858141e+00 9.61805911607258035e-19
6.93581967945569033e-01 7.30607786553758665e+00 -1.91739142500811730e-18
5.00000000000001776e-01 6.30607786553659366e+00 -1.91728554588971051e-18
1.03060778655405674e+01 1.02682216137348998e+01 9.15271836634407033e-18
9.30607480976552282e+00 1.03060778655405674e+01 2.75055459032216178e-17
8.29894663010726141e+00 1.03038764042096691e+01 -1.06597111869883980e-03
6.50000000000595968e+00 1.03060778655405674e+01 5.85697260182771708e-17
5.50000000000496758e+00 1.03060778655405674e+01 5.26109104198591027e-17
4.50000000000397371e+00 1.03060778655405674e+01 -7.34126515953568550e-19
1.03060778655405674e+01 9.26548456182342051e+00 -2.38635696386824822e-17
9.30607786553957439e+00 9.30607786553957439e+00 -5.52836848119936501e-17
8.30607786553858141e+00 9.30286151353136148e+00 8.06199667736836580e-17
1.03060778655405674e+01 8.26215828268522934e+00 -9.05343774692816721e-17
9.30607786553957439e+00 8.30607786553858141e+00 -5.48285090529760505e-17
1.02966812463233026e+01 7.25167246285243383e+00 -1.89733136760308375e-02
5.00000000000001776e-01 5.00000000000000222e-01 -4.67982110292215160e-19
1.50000000000099476e+00 5.00000000000000222e-01 5.55106350705555939e-17
2.50000000000198774e+00 5.00000000000000222e-01 1.94749335467953453e-22
3.50000000000298073e+00 5.00000000000000222e-01 -3.93449393423704671e-16
4.50000000000397549e+00 5.00000000000000222e-01 -1.03007279668901439e-17
5.50000000000496847e+00 5.00000000000000222e-01 4.42800373947379456e-17
6.50000000000596145e+00 5.00000000000000222e-01 -1.97464555828658767e-20
7.50000000000695444e+00 5.00001923077234567e-01 5.54914047756749611e-17
8.50000000000794742e+00 5.00000000000000222e-01 5.55111313789231257e-17
5.00000000000000000e-01 1.50000000000099365e+00 -1.62376989402522112e-17
1.50000000000099298e+00 1.50000000000099143e+00 4.23221789532957145e-15
2.50000000000198597e+00 1.50000000000099409e+00 -8.47195923600163153e-16
3.50000000000297895e+00 1.50000000000099321e+00 -1.03152590487108629e-17
4.50000000000397193e+00 1.50000000000099321e+00 -1.03007279668901439e-17
5.50000000000496581e+00 1.50000000000099365e+00 3.78352412181754858e-21
5.00000000000003553e-01 2.50000000000198419e+00 4.28140820040046979e-15
1.50000000000099476e+00 2.50000000000198686e+00 3.91338568901655577e-17
2.50000000000198419e+00 2.50000000000198774e+00 -2.01478326490175070e-15
5.00000000000001776e-01 3.50000000000297806e+00 6.41212450692056996e-18
1.50000000000099476e+00 3.50000000000298250e+00 -5.27602232870415285e-15
5.00000000000001776e-01 4.50000000000397282e+00 6.78411835588423555e-18
9.81777488600218362e+00 5.00000000000000222e-01 0.00000000000000000e+00
1.01595340981826094e+01 1.50000000000099365e+00 -2.35746474577612887e-23
1.03060778655405674e+01 2.50000000000198686e+00 -2.92098153807787898e-23
4.46248824986138182e+00 7.25913002540609664e+00 -3.57681514836843684e-01
5.11707136820769026e+00 9.18672242052616461e+00 -2.81901623602993201e-01
3.39719801942863775e+00 7.26608792300844630e+00 -3.58291929636173678e-01
6.15816524179983915e+00 9.18672242052616461e+00 -2.81901623602993201e-01
2.97041408654005767e+00 9.14078944963584483e+00 -3.81311889222798517e-01
4.81239021762836927e+00 8.19628241535123081e+00 -3.56995525682414661e-01
7.66285561979592167e+00 7.25398986288159442e+00 -3.56890377193801178e-01
5.17709490695763819e+00 6.31511369317470628e+00 -3.58553250760815900e-01
4.07597749461554137e+00 9.18672242052616461e+00 -2.81901623602993201e-01
3.50000000000298073e+00 1.03060778655405674e+01 -2.39473154847735792e-17
6.25278592641546549e+00 6.33559211781129150e+00 -3.57619662339001498e-01
3.75761046097361540e+00 5.38610040407406654e+00 -3.60230897033308406e-01
1.32996963432921866e+00 5.38492226654449802e+00 -5.42361010253046394e-01
8.74542204074811735e+00 7.29506888882387106e+00 -3.56890377193802233e-01
6.60966651719516207e+00 4.44231676806326448e+00 -3.61802227138740384e-01
5.87715849903917320e+00 8.18947644503116123e+00 -3.56890377193801456e-01
7.28639581876610176e+00 9.31718812589381784e+00 4.01820975438634126e-02
8.01221786845327522e+00 8.19097759984247276e+00 -3.56890377193801178e-01
3.04432599787395297e+00 6.32938126523249434e+00 -3.60230897033308406e-01
2.21169452880283046e+00 7.18866179349841516e+00 -5.42361010253046394e-01
9.11032353500485570e+00 5.41137430758657967e+00 -3.56890377193801955e-01
7.31349337113856812e+00 6.31700212592071875e+00 -3.56890377193802011e-01
8.75946686526365781e+00 4.47232913790227826e+00 -3.61802227138741606e-01
6.96280177533105693e+00 5.37940712167102664e+00 -3.58959370460340932e-01
5.19383364955779747e+00 3.52647282490846248e+00 -3.61802227138740440e-01
5.90122380103330091e+00 5.39817037917425591e+00 -3.59975109487192357e-01
3.74689458950440901e+00 8.20295152074002054e+00 -3.58291929636173678e-01
2.74839270724265639e+00 3.62906540919867648e+00 -3.60230897033308406e-01
2.65602902827279586e+00 8.17840903421431165e+00 -3.78330031449992776e-01
2.54126880403902611e+00 5.40687621057246570e+00 -4.66441497151580176e-01
9.46026648600585318e+00 3.49885897512801147e+00 -3.61802227138741606e-01
6.95197931061811936e+00 8.20978178685068016e+00 -3.56890377193801511e-01
9.45968578366220925e+00 6.34836204454745445e+00 -3.56890377193802011e-01
4.11131359158211485e+00 6.32193177027393638e+00 -3.59345725753221934e-01
4.47082836268332517e+00 4.44281916876422844e+00 -3.60704597887963552e-01
5.52761125673836684e+00 7.25240419998050978e+00 -3.57178044252049631e-01
6.60261706196076403e+00 7.27279404988980094e+00 -3.56890377193803010e-01
1.01629028727316637e+01 5.37202813201556051e+00 -3.56890377193801955e-01
9.16146747311363185e+00 2.54272208602332572e+00 -3.61802227138741606e-01
8.04669754343341026e+00 5.42109341490211882e+00 -3.56890377193801789e-01
5.54779400847766979e+00 4.46173325084088734e+00 -3.61802227138740384e-01
4.69878113486050708e+00 2.64461039242792761e+00 -3.61802227138740440e-01
7.03773082159020458e+00 2.58157715661333143e+00 -3.61802227138739663e-01
5.95690714538306931e+00 2.55091945302615297e+00 -3.61802227138740384e-01
2.03288578753859817e+00 4.54324328542083844e+00 -4.66441497151580176e-01
3.26247367740777783e+00 4.50401508654876093e+00 -3.60230897033308406e-01
1.01629028727316637e+01 4.30477830519766513e+00 -3.56890377193801955e-01
8.40550650634378371e+00 3.53706871196985251e+00 -3.61802227138741495e-01
6.25570615827528975e+00 3.50705634213083872e+00 -3.61802227138740440e-01
8.39605979209076381e+00 6.35808115186299538e+00 -3.56890377193801955e-01
4.82478893482725013e+00 5.37808015809312767e+00 -3.60704597887963496e-01
1.83726777146689813e+00 6.24675499091860775e+00 -5.42361010253046394e-01
8.98731149301613996e+00 1.53941256841688223e+00 -3.61802227138741606e-01
7.69049019340229822e+00 4.47297447165044382e+00 -3.61802227138740329e-01
8.10670749345156239e+00 2.58093182286516765e+00 -3.61802227138741495e-01
6.68573558585829453e+00 1.64494915609505798e+00 -3.62969275774904787e-01
3.54573822546565687e+00 2.50000000000198686e+00 -2.67251926474955522e-16
3.97571702353889922e+00 3.56080130594779032e+00 -3.60704597887963552e-01
7.75555059966849392e+00 1.64461039242693530e+00 -3.61802227138741495e-01
7.33652983448242679e+00 3.53771404571801718e+00 -3.61802227138741439e-01
