# n = 130
# s = 11.911187706548755
# x y theta(rad)
5.00000000000000000e-01 1.14111871060157046e+01 1.57079632679489656e+00
1.50000000000113598e+00 1.14111877065487537e+01 1.57079632679489656e+00
2.50000000000227107e+00 1.14111877065487537e+01 1.57079632679489656e+00
3.50000000000340705e+00 1.14089837942870567e+01 1.57079632679489656e+00
4.50000000000454214e+00 1.14103124910024043e+01 1.57079632679489656e+00
5.50000000000567724e+00 1.14090841613311333e+01 1.57079632679489656e+00
6.50000000000681322e+00 1.14111877065487537e+01 1.57079632679489656e+00
7.50000000000794920e+00 1.14111877065487537e+01 1.57079632679489656e+00
8.50000000000908429e+00 1.14111877065487537e+01 1.57079632679489656e+00
5.00000000000000000e-01 1.04111828904169297e+01 1.57079632679489656e+00
1.50000000000113598e+00 1.04111877065476204e+01 1.57079632679489656e+00
2.50000000000227107e+00 1.04111877065476204e+01 1.57079632679489656e+00
3.50000000000340705e+00 1.04078857541891896e+01 1.57079632679489656e+00
4.50000000000454214e+00 1.04103076910813659e+01 1.57079632679489656e+00
5.50000000000567724e+00 1.04062028992731630e+01 1.57079632679489656e+00
6.50000000000681322e+00 1.04111877065476204e+01 1.57079632679489656e+00
7.50000000000794920e+00 1.04111877065476204e+01 1.57079632679489656e+00
5.00000000000000000e-01 9.41118200000996374e+00 1.57079632679489656e+00
1.50000000000113598e+00 9.41118770654648351e+00 1.57079632679489656e+00
2.50000000000227107e+00 9.41118770654648351e+00 1.57079632679489656e+00
3.50000000000340705e+00 9.40681702985375168e+00 1.57079632679489656e+00
4.50000000000454214e+00 9.41030572852335823e+00 1.57079632679489656e+00
5.50000000000567724e+00 9.40305310144378659e+00 1.57079632679489656e+00
6.50000000000681322e+00 9.41118770654648351e+00 1.57079632679489656e+00
5.00000000000000000e-01 8.41118200000882688e+00 1.57079632679489656e+00
1.50000000000113598e+00 8.41118770654534842e+00 1.57079632679489656e+00
2.50000000000227107e+00 8.41118770654534842e+00 1.57079632679489656e+00
3.50000000000340705e+00 8.40604801083289566e+00 1.57079632679489656e+00
4.50000000000454214e+00 8.41030572241348473e+00 1.57079632679489656e+00
5.50248347995388265e+00 8.40002720270403991e+00 1.56976729887170374e+00
5.00000000000000000e-01 7.41118200000769267e+00 1.57079632679489656e+00
1.50000000000113598e+00 7.41118770654421244e+00 1.57079632679489656e+00
2.50000000000227107e+00 7.41118770654421244e+00 1.57079632679489656e+00
3.50000000000340705e+00 7.40558058422725551e+00 1.57079632679489656e+00
4.50000000000454214e+00 7.41030572241234875e+00 1.57079632679489656e+00
5.00000000000000000e-01 6.41118200000655758e+00 1.57079632679489656e+00
1.50000000000113598e+00 6.41118770654307735e+00 1.57079632679489656e+00
2.50000000000227107e+00 6.41118770654307735e+00 1.57079632679489656e+00
3.50000167272657281e+00 6.40507708177311130e+00 1.57079298134314893e+00
5.00000000000000000e-01 5.41118200000542160e+00 1.57079632679489656e+00
1.50000000000113598e+00 5.41118770654194137e+00 1.57079632679489656e+00
2.50000000000227107e+00 5.41118770654194137e+00 1.57079632679489656e+00
5.00000000000000000e-01 4.41118200000428651e+00 1.57079632679489656e+00
1.50000000000113598e+00 4.41118770654080627e+00 1.57079632679489656e+00
5.00000000000000000e-01 3.41118200000315097e+00 1.57079632679489656e+00
1.14111877065487555e+01 5.00000000000000000e-01 1.57079632679489656e+00
1.04111877065476186e+01 5.00000000000000000e-01 1.57079632679489656e+00
9.41118770654648529e+00 5.00000000000000000e-01 1.57079632679489656e+00
8.41118770654534842e+00 5.00000000000000000e-01 1.57079632679489656e+00
7.41118770654421244e+00 5.00000000000000000e-01 1.57079632679489656e+00
6.41118770654307735e+00 5.00000000000000000e-01 1.57079632679489656e+00
5.41118770654194137e+00 5.00000000000000000e-01 1.57079632679489656e+00
4.41118770654080539e+00 5.00000000000000000e-01 1.57079632679489656e+00
3.41118770653967074e+00 5.00000000000000000e-01 1.57079632679489656e+00
2.41118770653853520e+00 5.00000000000000000e-01 1.57079632679489656e+00
1.14111877065487555e+01 1.50000000000113509e+00 1.57079632679489656e+00
1.04111877065476186e+01 1.50000000000113598e+00 1.57079632679489656e+00
9.41118770654648529e+00 1.50000000000113598e+00 1.57079632679489656e+00
8.41118770654534842e+00 1.50000000000113509e+00 1.57079632679489656e+00
7.41118770654421244e+00 1.50000000000113598e+00 1.57079632679489656e+00
6.41118770654307735e+00 1.50000000000113509e+00 1.57079632679489656e+00
5.41118770654194137e+00 1.50000000000113509e+00 1.57079632679489656e+00
4.41118770654080539e+00 1.50000000000113598e+00 1.57079632679489656e+00
3.41118770653967074e+00 1.50000000000113598e+00 1.57079632679489656e+00
1.14085397897285645e+01 2.50000000000227107e+00 1.57079632679489656e+00
1.04080762618599465e+01 2.50000000000227107e+00 1.57079632679489656e+00
9.40761227334055761e+00 2.50000000000227152e+00 1.57079632679489700e+00
8.40675454816761203e+00 2.50000000000227107e+00 1.57079632679489656e+00
7.40610645594064376e+00 2.50000000000227107e+00 1.57079632679489656e+00
6.40552223175509106e+00 2.50000000000227107e+00 1.57079632679489656e+00
5.40437243391859745e+00 2.50000000000227107e+00 1.57079632679489656e+00
4.40411378106464380e+00 2.50000089044289053e+00 1.57079514658482711e+00
1.14111877065487555e+01 3.50000000000340705e+00 1.57079632679489656e+00
1.04111877065476186e+01 3.50000000000340705e+00 1.57079632679489656e+00
9.41118770654648529e+00 3.50000000000340705e+00 1.57079632679489656e+00
8.41118770654534842e+00 3.50000000000340705e+00 1.57079632679489611e+00
7.41118770654421244e+00 3.50000000000340705e+00 1.57079632679489656e+00
6.41118770654307735e+00 3.50000000000340705e+00 1.57079632679489656e+00
5.41118770654194226e+00 3.50000000000340661e+00 1.57079632679489656e+00
1.14094817944784239e+01 4.50000000000454214e+00 1.57079632679489656e+00
1.04089532823370767e+01 4.50000000000453948e+00 1.57079632679489656e+00
9.40894374014414225e+00 4.50000000000454214e+00 1.57079632679489101e+00
8.40894200601933761e+00 4.50000000000454214e+00 1.57079632679489656e+00
7.40894200601820341e+00 4.50000000000454214e+00 1.57079632679489656e+00
6.40894200275826087e+00 4.50000035696630007e+00 1.57079633331250923e+00
1.14094247589915554e+01 5.50000000000567724e+00 1.57079632679489656e+00
1.04081588211285627e+01 5.50000000000567280e+00 1.57079632679489656e+00
9.40766260689412093e+00 5.50000000000567546e+00 1.57079632679489101e+00
8.40737296985187399e+00 5.50000000000567724e+00 1.57079632679489656e+00
7.40724266113388996e+00 5.50001121304831653e+00 1.57077764340133763e+00
1.14111877065487555e+01 6.50000000000681322e+00 1.57079632679489656e+00
1.04111877065476186e+01 6.50000000000681322e+00 1.57079632679489656e+00
9.41118770654648529e+00 6.50000000000680878e+00 1.57079632679489656e+00
8.41118770654534842e+00 6.50000000000681322e+00 1.57079632679489656e+00
1.14111877065487555e+01 7.50000000000794920e+00 1.57079632679489656e+00
1.04111877065476186e+01 7.50000000000794920e+00 1.57079632679489656e+00
9.41118770654648529e+00 7.50000000000794920e+00 1.57079632679489656e+00
1.14111877065487555e+01 8.50000000000908429e+00 1.57079632679489656e+00
1.04111877065476186e+01 8.50000000000908429e+00 1.57079632679489656e+00
1.14111877065487555e+01 9.50000000001021938e+00 1.57079632679489656e+00
1.14111877065487555e+01 1.14111877065487537e+01 1.57079632679489656e+00
5.00000000000000000e-01 5.00000000000000000e-01 1.57079632679489656e+00
7.07093606804157560e-01 1.91900606203687563e+00 7.79293829031674212e-01
1.45434818643090402e+00 1.25153370660964480e+00 7.79293829031674212e-01
1.41851144906498128e+00 2.62178375453318813e+00 7.79281997668433535e-01
2.16732310282884288e+00 1.95272678064484850e+00 7.79293829031674101e-01
2.12385509586034216e+00 3.33071025673224730e+00 7.79293829031674101e-01
2.87110125858667464e+00 2.66322958654154185e+00 7.79293829031674101e-01
2.82860045302076779e+00 4.05800086375325986e+00 7.78032757648300266e-01
3.57503911466165514e+00 3.37805741471166199e+00 7.85757847849099189e-01
3.57799640662039042e+00 4.78482109083964602e+00 7.91502497763222124e-01
4.28936368132867418e+00 4.08200062715653011e+00 7.91502497763222124e-01
4.28997211522468369e+00 5.48714472573801171e+00 7.91501754981894456e-01
5.00510593829130990e+00 4.78231882390713903e+00 7.88978338895058640e-01
4.98807057050496816e+00 6.20321189724043709e+00 7.91451696265029092e-01
5.70117564150548883e+00 5.50039296647650389e+00 7.88978338895058640e-01
9.95704831764643572e+00 1.11785402099064672e+01 7.84996730312597313e-01
1.06596539999391098e+01 1.04568395201178497e+01 7.91502497763222679e-01
9.25403634874114189e+00 1.04568815705332696e+01 7.91502497763222679e-01
9.95880776033686743e+00 9.74352197803432318e+00 7.91502497763221680e-01
8.54511768619585865e+00 9.75153849459950450e+00 7.91502497763221680e-01
9.24795812000721540e+00 9.04008644796207861e+00 7.91502497763221680e-01
7.80549575992420763e+00 9.06868697829615122e+00 7.79293829031673546e-01
8.53665756921884622e+00 8.33259331014208549e+00 7.85002072300901910e-01
7.12638715280758905e+00 8.33321158781439308e+00 7.79293829031673546e-01
7.82918707891978372e+00 7.62182402475337195e+00 7.79293829031673546e-01
6.42909629558131535e+00 7.61611999712171617e+00 7.79325749760494624e-01
7.13197824379784429e+00 6.90464940971372076e+00 7.79325749760494624e-01
5.70709374423189075e+00 6.92406476644744906e+00 7.79325749760494624e-01
6.40989366998603227e+00 6.21267720374885624e+00 7.79325749760494624e-01
