# n = 272
# s = 16.968165867864400
# x y theta(rad)
5.00000000000000111e-01 1.60816379987525941e+01 1.13350213699366488e-19
1.50000000000076383e+00 1.64681658678643110e+01 1.13348559338141382e-19
1.61654681480775260e+01 5.00000000000000222e-01 -3.99079573098863605e-17
1.64681658678643146e+01 1.50000000000076406e+00 6.48721358478387272e-19
6.20026743432408378e-01 9.62002674343928987e+00 2.83872772004133467e-01
5.00000000000000111e-01 8.50000000000611600e+00 5.55110652044741215e-17
5.00000000000000111e-01 7.50000000000535127e+00 1.11022223053176849e-16
1.50000000000076650e+00 7.50000000000535394e+00 5.21923406186439176e-15
5.00000000000000111e-01 6.50000000000458655e+00 1.66533288257650970e-16
1.50000000000076383e+00 6.50000000000458655e+00 1.11442430790722271e-16
1.50000000000076383e+00 5.50000000000382183e+00 -1.04571450625935664e-16
5.00000000000000111e-01 5.50000000000382183e+00 1.11022223053176849e-16
2.50000000000152856e+00 5.50000000000381650e+00 -1.04574838770649379e-16
2.50000000000152856e+00 4.50000000000305178e+00 -1.27092362627533002e-16
3.50000000000229239e+00 5.50000000000381650e+00 -1.00736085453692889e-16
5.00000000000000111e-01 4.50000000000305711e+00 1.11022223053176849e-16
1.50000000000076383e+00 4.50000000000305711e+00 9.74054539930365761e-17
2.50000000000152856e+00 3.50000000000229328e+00 1.96749306711657000e-16
3.50000000000229239e+00 4.50000000000305711e+00 6.27312539273541806e-17
4.50000000000305711e+00 4.50000000000305533e+00 -4.74735497156433643e-20
5.00000000000000111e-01 3.50000000000229328e+00 5.55110982916986236e-17
1.50000000000076383e+00 3.50000000000229328e+00 1.15695561877680546e-16
2.50000000000152856e+00 6.50000000000458122e+00 -1.64486789949390848e-16
3.50000000000229505e+00 3.50000000000229061e+00 5.55274989056768420e-15
4.50000000000306244e+00 3.50000000000229328e+00 -5.55110982916986236e-17
5.50000000000382716e+00 3.50000000000229239e+00 1.28889481117766387e-15
5.00000000000000111e-01 2.50000000000152856e+00 5.55538006636410611e-17
1.50000000000076383e+00 2.50000000000152856e+00 7.20241086599556540e-17
2.50000000000152856e+00 2.50000000000152856e+00 8.31510022764683711e-17
3.50000000000229239e+00 2.50000000000152856e+00 -5.45929675164341655e-17
4.50000000000305711e+00 2.50000000000152856e+00 6.61744490042422140e-23
5.50000000000382094e+00 2.50000000000152944e+00 1.30380259104933955e-15
6.50000000000458655e+00 2.50000000000152856e+00 -3.37952593892598861e-16
5.00000000000000111e-01 1.50000000000076406e+00 4.27255329995889855e-20
1.50000000000076383e+00 1.50000000000076406e+00 7.44906685248119942e-17
2.50000000000152856e+00 1.50000000000076406e+00 -3.08334816010554430e-17
3.50000000000229239e+00 1.50000000000076406e+00 -1.40582058222096089e-17
4.50000000000305711e+00 1.50000000000076406e+00 5.55112107882619308e-17
5.50000000000382183e+00 1.50000000000076406e+00 -5.53887043055670617e-17
6.50000000000458655e+00 1.50000000000076406e+00 7.98968873299355368e-18
7.50000000000535039e+00 1.50000000000076406e+00 -3.41472650597861825e-16
5.00000000000000111e-01 5.00000000000000222e-01 5.55539396299839700e-17
1.50000000000076383e+00 5.00000000000000222e-01 -4.04881748787555562e-16
2.50000000000152856e+00 5.00000000000000222e-01 -3.67049022198442237e-17
3.50000000000229239e+00 5.00000000000000222e-01 4.97843614748715024e-19
4.50000000000305711e+00 5.00000000000000222e-01 5.55111512312578270e-17
5.50000000000382183e+00 5.00000000000000222e-01 -1.21256496984015708e-17
6.50000000000458655e+00 5.00000000000000222e-01 4.32736923566380761e-17
7.50000000000535039e+00 5.00000000000000222e-01 4.32381169728533954e-17
8.50000000000611600e+00 5.00000000000000222e-01 -1.21566168589937185e-17
9.50000000000687983e+00 5.00000000000000222e-01 -6.76502166618216656e-17
3.46816586785431902e+00 1.64681658678643110e+01 -1.51753745203722645e-15
4.46816586785508374e+00 1.64681658678643146e+01 -1.50176569855935138e-15
5.46816586785584668e+00 1.64681658678643181e+01 -5.06896279372495359e-20
6.46816586785661141e+00 1.64681658678643110e+01 0.00000000000000000e+00
7.46816586785738235e+00 1.64681658678643110e+01 4.67680961748530276e-17
8.46816586785814707e+00 1.64681658678642826e+01 1.22912784966415579e-18
9.46816586785891090e+00 1.64681658678643785e+01 1.35501477108561759e-17
1.04681658678596765e+01 1.64681658678643785e+01 -4.23480393890989617e-18
1.14681658678604403e+01 1.64681658678643998e+01 -1.05014230450971794e-17
1.24681658678612042e+01 1.64681658678643359e+01 -2.16403319633635956e-17
1.34681658678619680e+01 1.64681658678643110e+01 -5.55072866434359793e-17
1.44681658678627336e+01 1.64681658678643110e+01 -8.60323165615358805e-17
1.54681658678635170e+01 1.64681658678643110e+01 -9.70191537785075608e-18
1.64681658678642862e+01 1.64681658678643075e+01 5.91813449917107104e-17
4.46816586785508196e+00 1.54681658678635472e+01 -1.50813125186720703e-15
5.46816586785584846e+00 1.54681658678635472e+01 -7.66472972345038556e-15
6.46816586785661762e+00 1.54681658678635685e+01 5.04351419960872639e-17
7.46816586785738235e+00 1.54681658678635436e+01 -7.09732798519669464e-17
8.46816586785814707e+00 1.54681658678635188e+01 8.26711912327986935e-17
9.46816586785891090e+00 1.54681658678636147e+01 -6.45251489303641428e-17
1.04681658678596765e+01 1.54681658678636147e+01 -1.06117062928050495e-18
1.14681658678604403e+01 1.54681658678636360e+01 -2.88228240691668383e-17
1.24681658678612042e+01 1.54681658678635721e+01 -2.88405844960068103e-17
1.34681658678619680e+01 1.54681658678635436e+01 -2.17043319307374077e-17
1.44681658678627532e+01 1.54681658678635436e+01 -6.89552178605945455e-17
1.54681658678635205e+01 1.54681658678635436e+01 -1.38080134687843838e-16
1.64681658678642862e+01 1.54681658678635436e+01 -1.57727520944867570e-16
5.46816586785585379e+00 1.44681658678627798e+01 8.48971123012034885e-17
6.46816586785659275e+00 1.44681658678627905e+01 -3.36173342308692190e-14
7.46816586785736902e+00 1.44681658678627691e+01 -2.57869207323737902e-14
8.46816586785813463e+00 1.44681658678628651e+01 -2.54948753775140026e-14
9.46816586785891090e+00 1.44681658678628509e+01 -9.01580194291386674e-17
1.04681658678596765e+01 1.44681658678628509e+01 -8.92928041676884441e-17
1.14681658678604510e+01 1.44681658678628615e+01 -2.07594131507059907e-14
1.24681658678612148e+01 1.44681658678627905e+01 -2.08107518556906632e-14
1.34681658678619893e+01 1.44681658678628082e+01 2.50537627117871358e-15
1.44681658678627567e+01 1.44681658678627798e+01 -8.05473941852311011e-17
1.54681658678635205e+01 1.44681658678627798e+01 6.54489380978186166e-17
1.64681658678642862e+01 1.44681658678627798e+01 -2.91654182534900343e-17
6.46714626125231007e+00 1.34681658678620160e+01 1.39410061201045876e-16
7.46714626125308278e+00 1.34681658678619982e+01 -1.68524569906263554e-14
8.46714626125385550e+00 1.34681658678620071e+01 2.39402479657319860e-16
9.46714626125462111e+00 1.34681658678620870e+01 -3.96134394465647304e-16
1.04671462612553849e+01 1.34681658678620870e+01 2.21807096814242899e-16
1.14681658678604403e+01 1.34681658678620852e+01 5.86536207732363470e-17
1.24681658678612148e+01 1.34681658678620266e+01 -2.07280277978113170e-14
1.34681658678619893e+01 1.34681658678620160e+01 2.16605835522365690e-16
1.44681658678627674e+01 1.34681658678620302e+01 -2.82103348580575785e-14
1.54681658678635454e+01 1.34681658678620160e+01 7.24084784362775171e-17
1.64681658678643146e+01 1.34681658678620177e+01 2.99604663667568892e-15
6.46816586785666381e+00 1.24681658678612415e+01 2.07797023491134394e-16
7.46816586785742853e+00 1.24681658678612415e+01 -3.73472932684923193e-17
8.46816586785819325e+00 1.24591051422971635e+01 2.63316433241929163e-16
9.46816586785895709e+00 1.24681658678613196e+01 2.40394010304239211e-16
1.04681658678597227e+01 1.24681658678613232e+01 2.07779720216888280e-16
1.14681658678604865e+01 1.24681658678613196e+01 2.36840385524044292e-16
1.24681658678612042e+01 1.24681658678612521e+01 1.46793950719052477e-16
1.34681658678619680e+01 1.24681658678612521e+01 1.19175865620446173e-15
1.44681658678627532e+01 1.24681658678612521e+01 3.67690282336096608e-17
1.54681658678635205e+01 1.24681658678612521e+01 -3.00057129087669852e-16
1.64681658678642862e+01 1.24681658678612521e+01 5.97269889670108822e-15
6.46133822944937997e+00 1.14523284837364674e+01 1.39998267733239378e-02
7.46816586785742853e+00 1.14681658678604776e+01 1.65386492707828119e-16
8.46816586785818970e+00 1.14591051422963979e+01 4.74805299567905755e-16
9.46816586785895353e+00 1.14681658678605558e+01 2.59847338358723766e-16
1.04681658678597191e+01 1.14681658678605576e+01 4.76560597765752535e-16
1.14681658678604972e+01 1.14681658678605434e+01 -2.57467119623266374e-14
1.24681658678612504e+01 1.14681658678604865e+01 1.21613860669302047e-16
1.34681658678620142e+01 1.14681658678604848e+01 -1.44179197554538505e-15
1.44681658678627816e+01 1.14681658678604865e+01 5.07675735552922446e-17
1.54681658678635454e+01 1.14681658678604865e+01 7.38963547643291292e-18
1.64681658678643075e+01 1.14681658678604848e+01 2.95559802164506184e-15
6.34408261721766564e+00 1.03312090501014850e+01 2.95938438140350923e-01
7.46816586785742587e+00 1.04593754436856194e+01 -1.16905557981259753e-17
8.46816586785818970e+00 1.04591051422956340e+01 -4.20499184484328507e-17
9.46816586785895353e+00 1.04681658678597920e+01 1.17624109203266831e-16
1.04681658678597191e+01 1.04681658678597937e+01 1.21067876384802524e-16
1.14681658678604830e+01 1.04515596461931537e+01 2.08511691849797966e-16
1.24681658678612468e+01 1.04681658678597209e+01 1.12751768223422709e-16
1.34681658678620142e+01 1.04681658678597209e+01 -1.38647394668872786e-15
1.44681658678627780e+01 1.04681658678597209e+01 -2.63163097697879245e-15
1.54681658678635419e+01 1.04681658678597209e+01 -2.99730179570131360e-15
1.64681658678643146e+01 1.04681658678597191e+01 4.29169205073125804e-17
7.43544046722993279e+00 9.45913343328772882e+00 -5.17775528452173671e-04
8.44271515232069447e+00 9.45184212281187541e+00 -1.51824766025317175e-02
9.46816586785895353e+00 9.46816586785902636e+00 8.70950666837142230e-17
1.04681658678597191e+01 9.46816586785902814e+00 3.92831009909595289e-17
1.14681658678604830e+01 9.45155964619238809e+00 6.38481449276227819e-17
1.24681658678612468e+01 9.46816586785895531e+00 1.33294856612970636e-16
1.34681658678620106e+01 9.46816586785895531e+00 7.83562625041733086e-17
1.44681658678627763e+01 9.46816586785895531e+00 -1.43926317633649353e-15
1.54681658678635419e+01 9.46816586785895353e+00 1.15253332174603791e-17
1.64681658678643075e+01 9.46816586785895353e+00 2.85448793177404083e-17
7.44640205661922217e+00 8.45887461255717987e+00 3.65542481560919435e-16
8.45393537749293600e+00 8.45155649404623865e+00 -1.51824766025317522e-02
9.45407603661554496e+00 8.45322896836170301e+00 -1.51824766025318077e-02
1.04616093574892606e+01 8.46816586785826431e+00 3.52416295907064801e-16
1.14681658678604581e+01 8.45155964619162425e+00 2.25163687637816782e-17
1.24681658678612219e+01 8.46816586785819148e+00 1.86225043362275038e-16
1.34681658678619858e+01 8.46816586785819148e+00 2.39978292669735571e-16
1.44681658678627763e+01 8.46816586785818970e+00 9.24130879764097585e-17
1.54681658678635419e+01 8.46816586785818970e+00 -5.28214798533758318e-16
1.64681658678643075e+01 8.46816586785818259e+00 -5.66775308424977364e-15
7.26842334908806897e+00 6.34488627677620975e+00 -2.95361760379679150e-01
8.46816586785813996e+00 7.43066604443464129e+00 5.31905319240958895e-14
9.46816586785890379e+00 7.44569564748796253e+00 5.32143952150183011e-14
1.04681658678596943e+01 7.46816586785749870e+00 3.40183107765947662e-16
1.14681658678604705e+01 7.45155964619084710e+00 2.59512942874977061e-14
1.24681658678612468e+01 7.46816586785742587e+00 1.22198110693087510e-16
1.34681658678620106e+01 7.46816586785742587e+00 -8.92330778280406194e-17
1.44681658678627763e+01 7.46816586785742498e+00 1.98631250759080230e-16
1.54681658678635419e+01 7.46816586785742320e+00 -3.52467368230112449e-15
1.64681658678643146e+01 7.46816586785724024e+00 -3.42050446388692619e-17
1.04681658678593532e+01 6.46816586785670644e+00 5.81260775175270158e-14
1.14681658678604848e+01 6.45155964619006994e+00 1.23612643022949668e-16
1.24681658678612735e+01 6.46816586785663539e+00 5.16212161577722384e-14
1.34681658678620639e+01 6.46816586785666203e+00 -7.55846668421955993e-17
1.44681658678628295e+01 6.46816586785666026e+00 2.11691420498264896e-15
1.54681658678635454e+01 6.46816586785647729e+00 2.04025723930377764e-15
1.64681658678643146e+01 6.46816586785647551e+00 -3.77122481981840707e-17
1.44681658678627834e+01 5.46816586785589553e+00 2.01279778261181777e-15
1.54681658678635490e+01 5.46816586785571168e+00 1.74498260937339016e-17
1.64681658678643146e+01 5.46816586785571168e+00 5.53639869080930585e-17
1.54681658678635454e+01 4.46816586785494696e+00 1.09647061134201583e-16
1.64681658678643146e+01 4.46816586785519121e+00 9.03870919762740680e-17
1.64681658678643146e+01 3.46816586785442649e+00 4.71274385289922420e-17
4.35127726752249533e+00 6.56238892494944004e+00 2.95891091896376690e-01
5.30781995408229079e+00 6.85398125816570580e+00 2.95891091896366476e-01
6.26427281816870973e+00 7.14586824600833204e+00 2.95891091896366532e-01
4.70264285953003203e+00 5.62406750989146786e+00 2.95891091896376524e-01
6.27624659592359468e-01 1.48577439284223338e+01 3.06699942822257487e-01
1.63903658968252230e+00 1.52719578896714889e+01 5.06453302194662558e-01
6.24165539164108663e-01 1.38056953469076280e+01 2.96186020439460573e-01
1.58243809702452065e+00 1.41114246007876147e+01 3.07977392087049384e-01
2.52083712181648956e+00 1.45487853361139976e+01 3.77525126572518521e-01
6.24165539164108663e-01 1.27601696514948930e+01 2.96186020439460518e-01
1.58062218522173392e+00 1.30520440837662530e+01 2.96186020439460351e-01
2.53643228716537461e+00 1.33655145046214443e+01 3.07977392087072366e-01
3.44633888139522782e+00 1.38039566127092002e+01 3.07977392087049329e-01
4.35908542534986942e+00 1.42334708350755932e+01 3.07977392087049384e-01
6.24165539164109551e-01 1.17146439560821598e+01 2.96186020439460629e-01
1.58062218522173392e+00 1.20065183883535198e+01 2.96186020439460629e-01
2.53707883127935840e+00 1.22983928206248798e+01 2.96186020439460573e-01
3.48681067571461956e+00 1.26123040622017868e+01 2.96186020439460629e-01
4.39837908896375485e+00 1.30512747929235360e+01 2.96186020439460629e-01
6.20026743432411931e-01 1.06617173131649743e+01 2.83872772004145513e-01
1.57662533389261927e+00 1.09533758878877805e+01 2.83872772004144625e-01
2.53315449163808903e+00 1.12452724479866895e+01 2.83872772004144680e-01
3.48968364938356501e+00 1.15371690080855966e+01 2.83872772004133522e-01
4.43975936392861215e+00 1.18511851858281769e+01 2.83872772004133522e-01
5.35321161367528298e+00 1.22907307922753173e+01 2.83872772004133522e-01
1.58311661087799838e+00 9.90263416413258746e+00 2.91293324846202628e-01
2.53965581020558862e+00 1.01942749320974997e+01 2.91293324846202573e-01
3.49612381472320166e+00 1.04861531571239155e+01 2.91293324846202573e-01
4.45259181924081737e+00 1.07780313821503206e+01 2.91293324846202573e-01
5.40244260214167316e+00 1.10919801204764248e+01 2.91293324846202573e-01
2.52490358469017728e+00 9.14190790024201405e+00 2.95938438140353977e-01
3.48143246437609832e+00 9.43354552183485495e+00 2.95938438140350479e-01
4.43788904778912130e+00 9.72542026466240550e+00 2.95938438140350923e-01
5.39434563120214605e+00 1.00172950074899472e+01 2.95938438140350979e-01
1.56837470500425713e+00 8.85027027864917493e+00 2.95938438140354032e-01
3.45252889649926686e+00 8.37928632568408283e+00 2.95938438140354032e-01
4.40909851519932516e+00 8.67095269713005123e+00 2.96033147790134621e-01
5.36567467707516776e+00 8.96291187779499410e+00 2.96311277523468919e-01
4.38018838176692782e+00 7.61663383574037400e+00 2.95891091896366365e-01
5.38748371821699923e+00 7.92396082866104123e+00 2.96394798912728463e-01
2.54565921719455268e+00 1.56990747000859390e+01 5.06453302194709298e-01
3.42726374123704414e+00 1.49757934185822279e+01 3.77525126572518521e-01
2.49600001681334760e+00 8.08764870409124370e+00 2.95938438140354088e-01
3.42362532862243540e+00 7.32502712953331159e+00 2.95938438140354032e-01
6.32216715582807964e+00 9.25481198073098277e+00 2.96394798912724688e-01
6.34393096706620785e+00 8.21586610667811712e+00 2.96394798912728408e-01
6.53155085639706812e+00 4.31041955574251112e+00 -4.19481532185985051e-01
7.46816586785737435e+00 7.45887461255638939e+00 5.32153115116770231e-14
6.94827377944183766e+00 5.37431216670009260e+00 -3.39930607537680896e-01
5.66029360965349770e+00 4.81198371608779141e+00 -4.19481532185948858e-01
1.49357766119670270e+01 6.56708811236573320e-01 -4.05565004363361792e-01
1.53114570566270434e+01 1.58368527775127199e+00 -4.05565004363318549e-01
1.38381281502785161e+01 6.43143555694993596e-01 -3.56783392614393680e-01
1.42138745606235144e+01 1.57029699966996561e+00 -3.56783392614393680e-01
1.45479826452699843e+01 2.51297050274342837e+00 -3.56783392614393680e-01
1.27600544202691175e+01 6.29471906237261125e-01 -3.12402745943579585e-01
1.30941500083306668e+01 1.57243018853637762e+00 -3.12402745943574089e-01
1.34706790604044819e+01 2.50168335977388434e+00 -3.12402745943574145e-01
1.38046331663446029e+01 3.44468733780471759e+00 -3.12402745943574200e-01
1.42243094652819284e+01 4.36000486122200126e+00 -3.12402745943574145e-01
1.16795533900022406e+01 6.29110920873594326e-01 -3.11283335773220204e-01
1.20131085214965285e+01 1.57227680497260924e+00 -3.11283335773200331e-01
1.23472139733389703e+01 2.51526562729356051e+00 -3.11283335773220204e-01
1.27237682308407738e+01 3.44459683902392833e+00 -3.11283335773200442e-01
1.30577321494094996e+01 4.38763119870000651e+00 -3.11283335773220260e-01
1.06286843635218045e+01 6.28684363514160127e-01 -3.09963727200545880e-01
1.09345610081608307e+01 1.58075593628267552e+00 -3.09963727200545935e-01
1.12681279864409998e+01 2.52395864101599976e+00 -3.09963727200545935e-01
1.16022455187210856e+01 3.46698501017913330e+00 -3.09963727200554817e-01
1.19788298793709949e+01 4.39640978459205289e+00 -3.09963727200545935e-01
1.23128058182858329e+01 5.33948150434169211e+00 -3.09963727200528505e-01
9.85489117109843171e+00 1.57727367378415928e+00 -3.27231060143629626e-01
1.01883397310500907e+01 2.52012750853999989e+00 -3.27231060143629626e-01
1.05217882910017622e+01 3.46298134329583895e+00 -3.27231060143629571e-01
1.08557841965762503e+01 4.40564939034293790e+00 -3.27231060143629571e-01
1.12319994532527563e+01 5.33398675458444416e+00 -3.27231060143629571e-01
9.13202626806559969e+00 2.55144039871786443e+00 -3.39930607537680063e-01
9.46544793933618678e+00 3.49421820346756196e+00 -3.39930607537680118e-01
9.79886961060678452e+00 4.43699600821725504e+00 -3.39930607537680618e-01
1.01328361800637232e+01 5.37958110492583153e+00 -3.39930607537680674e-01
8.71536859736943370e+00 1.63809973801052622e+00 -3.39930607537680118e-01
8.39019241587310383e+00 3.45304798828125836e+00 -3.39930607537680674e-01
8.72361408714369446e+00 4.39582579303095500e+00 -3.39930607537680618e-01
9.05703575841428865e+00 5.33860359778064897e+00 -3.39930607537680562e-01
7.66069316732244410e+00 4.38953270655557581e+00 -3.39930607537662799e-01
7.99411483859304450e+00 5.33231051130527778e+00 -3.39930607537680840e-01
1.56909541711098424e+01 2.54888994009102454e+00 -4.81809957092448116e-01
1.49664319776069998e+01 3.43185532795892545e+00 -3.73334010389453796e-01
7.97353474517693872e+00 2.53970732757391993e+00 -3.39930607537680674e-01
7.23875847583726184e+00 3.44099055965911216e+00 -4.19481532185985051e-01
9.36277550487599441e+00 6.34030528450459308e+00 -2.42376576770367863e-01
8.30887186760712915e+00 6.31417843980878946e+00 -2.76624990943623361e-01
5.93416564840305227e+00 5.78478045249945794e+00 -4.19481532185985051e-01
5.45846325290351331e+00 1.34062532208247482e+01 1.95985295540501980e-02
1.34184343275248938e+01 5.41843432751877341e+00 -1.05183624044865212e-01
