# n = 263
# s = 16.742270262031791
# x y theta(rad)
5.00000000000000000e-01 1.62422702620315818e+01 -4.54950263346451281e-17
1.50000000000036060e+00 1.62422702620315889e+01 -7.16589807604124620e-18
2.50000000000071942e+00 1.62422702620315889e+01 3.76824597490379090e-17
3.50000000000108002e+00 1.62422702620316528e+01 -8.00689598767299990e-16
4.50000000000144240e+00 1.62422702620316386e+01 -5.02969157311049315e-15
5.50000000000180478e+00 1.62422702620315889e+01 -5.84314429007048368e-18
6.50000000000217071e+00 1.62422702620315818e+01 -1.13301180881111009e-14
7.50000000000252953e+00 1.62422702620315675e+01 -1.13301180781849336e-14
8.50000000000289369e+00 1.62422702620315746e+01 -1.95661577160201301e-14
9.50000000000325606e+00 1.62422702620315889e+01 4.97942975037660040e-17
1.05000000000036469e+01 1.62422702620316173e+01 -5.55111512312578270e-17
1.15000000000040075e+01 1.62422702620315889e+01 -7.07203061016494189e-17
5.00000000000000000e-01 1.52422702620312265e+01 -4.57231827896019813e-17
1.50000000000036060e+00 1.52422702620312265e+01 -2.37959610394418320e-17
2.50000000000072475e+00 1.52422702620312265e+01 -1.02040733024427918e-14
3.50000000000107647e+00 1.52422702620312869e+01 -7.35708353914644400e-15
4.50000000000144951e+00 1.52422702620312016e+01 1.83007014328736719e-14
5.50000000000180655e+00 1.52422702620312194e+01 1.48435476579340411e-14
6.50000000000216716e+00 1.52422702620312087e+01 1.48296033806399528e-14
7.50000000000252420e+00 1.52422702620312229e+01 6.04228906653503101e-17
8.50000000000288836e+00 1.52422702620312229e+01 -1.09600015611478174e-14
9.50000000000328271e+00 1.52422702620312229e+01 -8.23801338674686474e-15
1.05000000000036469e+01 1.52422702620312620e+01 -5.55206274123552345e-17
5.00000000000000000e-01 1.42422702620308677e+01 1.76837379773556302e-16
1.50000000000036060e+00 1.42422702620308677e+01 1.83958193317400971e-15
2.50000000000072653e+00 1.42422702620308606e+01 -1.02444665907531188e-14
3.50000000000105160e+00 1.42422702620308925e+01 6.09055609169447987e-14
4.50000000000143174e+00 1.42422702620308641e+01 8.97596858214102534e-17
5.50000000000179590e+00 1.42422702620308499e+01 -6.13148493156931008e-15
6.50000000000217781e+00 1.42422702620308250e+01 -3.31488117416277218e-14
7.50000000000255440e+00 1.42422702620308073e+01 -1.89173786325922127e-16
8.50000000000291500e+00 1.42422702620308606e+01 -5.87865002396463680e-15
9.50000000000327738e+00 1.42422702620308606e+01 -3.71426876480659471e-15
5.00000000000000000e-01 1.32422702620305053e+01 -3.67418134773490723e-16
1.50000000000036060e+00 1.32422702620305053e+01 1.08960390951399412e-16
2.50000000000071587e+00 1.32422702620305053e+01 -1.02429040260857228e-14
3.50000000000108002e+00 1.32422702620305017e+01 -2.16147745198275242e-16
4.50000000000144595e+00 1.32422702620304982e+01 -1.01934275717663780e-14
5.50000000000179590e+00 1.32422702620304875e+01 -1.02065561425994385e-14
6.50000000000216716e+00 1.32422702620304591e+01 -2.01454109336069236e-14
7.50000000000251710e+00 1.32422702620304307e+01 -5.84820564155100114e-15
8.50000000000290079e+00 1.32422702620304911e+01 -2.28918563895689722e-14
5.00000000000003553e-01 1.22422702620301465e+01 1.92692981060627429e-15
1.50000000000036238e+00 1.22422702620301393e+01 1.92937686224318237e-15
2.50000000000072120e+00 1.22422702620301429e+01 2.43218443605058366e-16
3.50000000000107292e+00 1.22422702620301429e+01 8.72292065550956473e-16
4.50000000000143530e+00 1.22422702620301180e+01 7.58128576292843761e-15
5.50000000000179945e+00 1.22422702620301216e+01 1.04761162715841749e-16
6.50000000000216005e+00 1.22422702620300896e+01 -3.00526593288597186e-15
7.50000000000252065e+00 1.22422702620300683e+01 -1.47183439990742253e-16
5.00000000000000000e-01 1.12422702620297841e+01 -5.95050319748511160e-18
1.50000000000036238e+00 1.12422702620297770e+01 9.29438944826710693e-16
2.50000000000071765e+00 1.12422702620297841e+01 1.91088322368820262e-15
3.50000000000108002e+00 1.12422702620297841e+01 7.73456759208408395e-17
4.50000000000143174e+00 1.12422702620297805e+01 -1.55527585323987566e-19
5.50000000000179234e+00 1.12422702620297628e+01 5.63717762035424456e-17
6.50000000000214584e+00 1.12422702620297201e+01 -2.38360278029182218e-14
5.00000000000000000e-01 1.02422702620294253e+01 -2.09643903610090270e-17
1.50000000000036060e+00 1.02422702620294110e+01 6.60630327675610879e-17
2.50000000000072298e+00 1.02422702620294181e+01 6.56717372866578288e-15
3.50000000000108713e+00 1.02422702620294217e+01 -1.85214855258323488e-15
4.50000000000144773e+00 1.02422702620294217e+01 6.78688085478682710e-17
5.50000000000179234e+00 1.02422702620294039e+01 1.13281631947984564e-16
5.00000000000000000e-01 9.24227026202906643e+00 5.53664697432965706e-17
1.50000000000036060e+00 9.24227026202905222e+00 -1.99057324853716999e-17
2.50000000000071765e+00 9.24227026202905577e+00 -1.92704987769093357e-15
3.50000000000108002e+00 9.24227026202905577e+00 2.54079791869992821e-17
4.50000000000144063e+00 9.24227026202906288e+00 -1.86749640719971766e-15
5.00000000000000000e-01 8.24227026202870405e+00 5.10940270779967609e-17
1.50000000000036060e+00 8.24227026202869339e+00 -5.68588424060345496e-17
2.50000000000072120e+00 8.24227026202870405e+00 -5.45543188194522848e-15
3.50000000000108002e+00 8.24227026202869339e+00 -3.06761739649606880e-16
5.00000000000000000e-01 7.24227026202834523e+00 8.04469544895412346e-19
1.50000000000036060e+00 7.24227026202833457e+00 -4.72392153278723823e-16
2.50000000000072120e+00 7.24227026202834168e+00 -2.90947197901375422e-17
5.00000000000000000e-01 6.24227026202798640e+00 2.79603268739744464e-16
1.50000000000036060e+00 6.24227026202797219e+00 5.75369231689460664e-19
5.00000000000000000e-01 5.24227026202762758e+00 -5.12243174852038130e-19
1.62422702620315924e+01 5.00000000000000000e-01 -4.42434402365055056e-17
1.52422702620312283e+01 5.00000000000000000e-01 1.15646731777609710e-17
1.42422702620308677e+01 5.00000000000000000e-01 9.71440911382275701e-21
1.32422702620305071e+01 5.00000000000000000e-01 -4.49986253228847055e-22
1.22422702620301482e+01 5.00000000000000000e-01 3.87517573368842405e-18
1.12422702620297894e+01 5.00000000000000000e-01 -5.61490199800995186e-20
1.02422702620294288e+01 5.00000000000000000e-01 -5.08055490282927172e-17
9.24227026202906821e+00 5.00000000000000000e-01 2.30252589038595958e-17
8.24227026202870938e+00 5.00000000000000000e-01 3.30872245021211070e-24
7.24227026202835056e+00 5.00000000000000000e-01 -5.40785008800955848e-17
6.24227026202798996e+00 5.00000000000000000e-01 1.42486823595934335e-18
1.62422702620315924e+01 1.50000000000035882e+00 -4.42434392021258432e-17
1.52422702620312283e+01 1.50000000000035882e+00 -7.06350533039364349e-17
1.42422702620308677e+01 1.50000000000035882e+00 -7.42137672298204539e-17
1.32422702620305071e+01 1.50000000000035882e+00 1.94106524470048122e-16
1.22422702620301482e+01 1.50000000000035882e+00 3.74887689542622870e-16
1.12422702620297894e+01 1.50000000000035882e+00 -5.61490199800995186e-20
1.02422702620294288e+01 1.50000000000035882e+00 -8.79970435521937097e-17
9.24227026202906821e+00 1.50000000000035882e+00 -5.55111479225353768e-17
8.24227026202870938e+00 1.50000000000035882e+00 3.30872245021211070e-24
7.24227026202835056e+00 1.50000000000035882e+00 -2.91831875095136930e-17
1.62422702620315924e+01 2.50000000000071942e+00 -6.07177912319486259e-17
1.52422702620312283e+01 2.50000000000071942e+00 -5.62635508681075081e-17
1.42422702620308677e+01 2.50000000000071942e+00 1.10231353061957265e-16
1.32422702620305071e+01 2.50000000000071942e+00 1.31714289281834384e-16
1.22422702620301482e+01 2.50000000000071942e+00 2.28833833408869440e-16
1.12422702620297894e+01 2.50000000000071942e+00 -5.55673002512379265e-17
1.02422702620294288e+01 2.50000000000071942e+00 -5.80771779879606261e-20
9.24227026202906821e+00 2.50000000000071942e+00 -5.55111479225353768e-17
8.24227026202870938e+00 2.50000000000071942e+00 2.46986204740983427e-19
1.62422702620315924e+01 3.50000000000108002e+00 -6.07177912319486259e-17
1.52422702620312283e+01 3.50000000000108002e+00 -2.95391372437628321e-17
1.42422702620308677e+01 3.50000000000108002e+00 -1.93564646586861440e-16
1.32422702620305071e+01 3.50000000000108002e+00 -2.80226949182656460e-17
1.22422702620301482e+01 3.50000000000108002e+00 1.73687082476240299e-16
1.12422702620297894e+01 3.50000000000108002e+00 2.32860568483112280e-16
1.02422702620294288e+01 3.50000000000108002e+00 -5.55111181440333249e-17
9.24227026202906821e+00 3.50000000000108002e+00 -5.55111479225353768e-17
1.62422702620315924e+01 4.50000000000143885e+00 -1.87184719684618887e-17
1.52422702620312283e+01 4.50000000000143885e+00 -5.00335423804168708e-18
1.42422702620308677e+01 4.50000000000143885e+00 -3.44718461522855834e-17
1.32422702620305071e+01 4.50000000000143885e+00 -6.15089248781027318e-17
1.22422702620301482e+01 4.50000000000143885e+00 1.28923708161286572e-16
1.12422702620297894e+01 4.50000000000143885e+00 -1.97335578641611670e-16
1.02422702620294288e+01 4.50000000000143885e+00 -5.57737314449066601e-16
1.62422702620315924e+01 5.50000000000179767e+00 -1.02747406545978853e-16
1.52422702620312283e+01 5.50000000000179767e+00 -1.43241049980387483e-17
1.42422702620308677e+01 5.50000000000179767e+00 1.14791112695597109e-17
1.32422702620305071e+01 5.50000000000179767e+00 -2.02242539379796220e-17
1.22422702620301500e+01 5.50000000000179767e+00 6.01402831715318236e-17
1.12422702620297894e+01 5.50000000000179767e+00 1.92679724508864526e-16
1.62422702620315924e+01 6.50000000000215827e+00 7.84956432381769758e-17
1.52422702620312283e+01 6.50000000000215827e+00 -1.01862837809812819e-16
1.42422702620308677e+01 6.50000000000215827e+00 6.69807852340455765e-17
1.32422702620305071e+01 6.50000000000215827e+00 2.80208594536002397e-16
1.22422702620301802e+01 6.50000000000215827e+00 9.70615451305396784e-17
1.62422702620315924e+01 7.50000000000251887e+00 7.84956432381769758e-17
1.52422702620312283e+01 7.50000000000251887e+00 6.43155908439323037e-17
1.42422702620308677e+01 7.50000000000251887e+00 2.68745359292240628e-16
1.32422702620305071e+01 7.50000000000251887e+00 2.23305323924718025e-16
1.62422702620315924e+01 8.50000000000287770e+00 7.84956432381769758e-17
1.52422702620312283e+01 8.50000000000287770e+00 2.38076096217175328e-16
1.42422702620309281e+01 8.50000000000287770e+00 2.13774539394304996e-16
1.62422702620315924e+01 9.50000000000323652e+00 3.77710000970579332e-17
1.52422702620312283e+01 9.50000000000323652e+00 8.75918225559574308e-17
1.62422702620315924e+01 1.05000000000035953e+01 -4.04956608632991611e-20
5.00000000000000000e-01 5.00000000000000000e-01 -9.64300150562306643e-17
1.50000000000036060e+00 5.00000000000000000e-01 -4.18021527023010281e-17
2.50000000000071942e+00 5.00000000000000000e-01 2.15972574046751296e-17
3.74397444819248904e+00 5.00000000000000000e-01 7.34165807032664819e-19
4.74397444819284786e+00 5.00000000000000000e-01 3.35754285797183388e-17
5.00000000000000000e-01 1.50000000000035882e+00 -7.85169225830273182e-17
1.50000000000036060e+00 1.50000000000035882e+00 -9.22727373693639623e-17
5.00000000000000000e-01 2.50000000000071942e+00 -4.58566696984533118e-17
1.62422702620317914e+01 1.62422702620315889e+01 -4.55364912443911862e-18
1.62422450153428564e+01 1.52422702620312265e+01 -3.52106064920254085e-17
1.62422702620315924e+01 1.42422702620308677e+01 -6.52689707707026699e-17
1.62422702620315924e+01 1.32422702620305053e+01 -8.68883780042304382e-18
1.62422702620315924e+01 1.22422702620301465e+01 1.25401507563818996e-17
1.52422702620314343e+01 1.62422702620315889e+01 -3.88957529379174716e-17
1.52422450153424922e+01 1.52422702620312265e+01 -1.51788304147970621e-17
1.42422702620310737e+01 1.62422702620315889e+01 2.01797083717503839e-17
5.00000000000003553e-01 3.50000000000108002e+00 -4.68608441980822299e-15
1.33597361299900896e+00 4.37105611901158753e+00 -7.83151051377293128e-01
2.24928394051662650e+00 5.28460209588951102e+00 7.84654969981895101e-01
2.95488796503920881e+00 5.99440305347045310e+00 -7.84450277393247020e-01
3.66396209184661537e+00 6.70049614107200320e+00 -7.83192582256291403e-01
4.37225769204336245e+00 7.40744879996809402e+00 -7.84654969981898986e-01
5.07987176724725664e+00 8.11660198690288581e+00 7.82522258817453076e-01
5.74157319541292921e+00 8.86938190325238196e+00 7.82522258817453076e-01
6.49649488928447738e+00 9.53248612440281207e+00 -7.82500748338902818e-01
7.20519023800808966e+00 1.02405738850187831e+01 7.84654969981889105e-01
7.90887349495628911e+00 1.09513787207673126e+01 -7.85756778747578655e-01
8.62003827551981949e+00 1.16568205717877440e+01 -7.82363931995360806e-01
9.32878287159471675e+00 1.23639093110457310e+01 -7.84654969981896211e-01
1.00362151878372234e+01 1.30727889824695005e+01 7.83168343460209360e-01
1.07367769588958346e+01 1.37888669744085774e+01 7.86631042104019462e-01
1.14530945071526311e+01 1.44884257276860104e+01 -7.84555046719690785e-01
1.21614329293674519e+01 1.51985915030624952e+01 7.80153370854914985e-01
1.28268545754659389e+01 1.62422702620315604e+01 -5.17206266117643145e-14
1.70710671934228131e+00 2.99885970903638643e+00 7.85816401647700724e-01
2.24946946665782477e+00 3.87126448102538134e+00 -7.83151051377293128e-01
2.95797842107522513e+00 4.57908026562032333e+00 7.84654969981895101e-01
3.66358184552591659e+00 5.28830933907775957e+00 -7.85265000629327803e-01
4.37262253653525867e+00 5.99494644461555026e+00 -7.83192582256291403e-01
5.08091888723965823e+00 6.70189835411870405e+00 -7.84654969981898986e-01
5.78854132664752186e+00 7.41104318927274264e+00 7.82522258817453076e-01
6.45179060904416346e+00 8.16371860274268712e+00 7.84879021925189768e-01
7.20515358297992670e+00 8.82693432150993829e+00 -7.82500748338902818e-01
7.91385181224327283e+00 9.53501919730139491e+00 7.84654969981889105e-01
8.61769174476412658e+00 1.02458106910771072e+01 -7.85551767829446801e-01
9.32869702781766641e+00 1.09512686786243414e+01 -7.82363931995360806e-01
1.00374421235011280e+01 1.16583569190158265e+01 -7.84654969981896100e-01
1.07448806253463740e+01 1.23672304140242275e+01 7.83168343460209360e-01
1.14515419341294074e+01 1.30763787477521589e+01 7.85428201786570579e-01
1.21607954490700312e+01 1.37819136069009822e+01 -7.84555046719690785e-01
1.28691469754107182e+01 1.44920663002296060e+01 7.80153370854914985e-01
1.35330325365181476e+01 1.52428696225107814e+01 7.80153370854914985e-01
2.41480912927861269e+00 2.29234893129589246e+00 7.85816401647700724e-01
2.95717251177169160e+00 3.16475307095558733e+00 -7.83151051377293239e-01
3.66568165772971000e+00 3.87256866372499431e+00 7.84654969981895101e-01
4.37128437109180723e+00 4.58179844824685745e+00 -7.85265000394339996e-01
5.08032554084019239e+00 5.28843507500790189e+00 -7.83192582256291403e-01
5.78862123776279702e+00 5.99538763732180158e+00 -7.84654969981898986e-01
6.49624856604479639e+00 6.70452759086306926e+00 7.82522258817453076e-01
7.17957163249056407e+00 7.43710867010175392e+00 7.84879483833600400e-01
7.91285742816937976e+00 8.12042212083209591e+00 -7.82500748338902929e-01
8.62155505422657420e+00 8.82850760072696517e+00 7.84654969981889105e-01
9.32539445227200936e+00 9.53929893217226521e+00 -7.85552764030862827e-01
1.00364010787373275e+01 1.02447562728625279e+01 -7.82363931995360806e-01
1.07451444784772843e+01 1.09518462066785638e+01 -7.84654969981896100e-01
1.14525863168178041e+01 1.16607163701473304e+01 7.83168343460209360e-01
1.21598175752178985e+01 1.23698671115056982e+01 7.86241280075205773e-01
1.28694245771723743e+01 1.30763312387604813e+01 -7.84555046719690785e-01
1.35777948679585538e+01 1.37864651992581990e+01 7.80153370854914985e-01
1.42416804290659833e+01 1.45372685215393744e+01 7.80153370854914985e-01
3.12179352443673963e+00 1.58511953792337223e+00 7.85816401647700724e-01
3.66487555572918922e+00 2.45824165972420161e+00 -7.83151051377293239e-01
4.37338489322435819e+00 3.16605706067155168e+00 7.84654969981895212e-01
5.07978378373069717e+00 3.87528683553001585e+00 -7.84134623717279267e-01
5.78802899526118608e+00 4.58192415750623994e+00 -7.83192582256291403e-01
6.49632403906218414e+00 5.28887737197167240e+00 -7.84654969981898986e-01
7.20395625785215188e+00 5.99801244226875596e+00 7.82522258817453076e-01
7.90042808051139644e+00 6.72004456849199272e+00 7.88717963058671034e-01
8.62148509056159540e+00 7.41483910629181864e+00 -7.82500748338902929e-01
9.33018548394142577e+00 8.12292181474768071e+00 7.84654969981889105e-01
1.00347732318385372e+01 8.83296762679199432e+00 -7.85548396930657256e-01
1.07450288181375893e+01 9.53917317802756415e+00 -7.82363931995360806e-01
1.14537726461649232e+01 1.02462626841923452e+01 -7.84654969981896100e-01
1.21612205775566533e+01 1.09551267636598126e+01 7.83168343460209360e-01
1.28684472641620360e+01 1.16636195428388021e+01 7.85300101086853442e-01
1.35771258672009889e+01 1.23698194666741585e+01 -7.84555046719690785e-01
1.42855092642359072e+01 1.30799403430047221e+01 7.80153370854914985e-01
1.52422702620312283e+01 1.38292075802948382e+01 -1.30155758455806852e-16
4.37186189916714518e+00 1.75101031970086218e+00 -7.83151051377293239e-01
5.08036928181399006e+00 2.45882767840435790e+00 7.84654969981895212e-01
5.78676959752175790e+00 3.16665662009603466e+00 -7.86121143893716456e-01
6.49501507523448751e+00 3.87469269410173922e+00 -7.83192582256291292e-01
7.20639971392894729e+00 4.58474350982078960e+00 -7.84654969981898986e-01
7.91404542370048958e+00 5.29386510917422726e+00 7.82522258817453076e-01
8.62206282399813517e+00 6.00180714276419991e+00 7.84994231521801145e-01
9.33063379174231500e+00 6.70978015865348887e+00 -7.82500748338902929e-01
1.00393388534444998e+01 7.41785819184290318e+00 7.84654969981889105e-01
1.07449263073421122e+01 8.12650720899712553e+00 -7.86112562143847282e-01
1.14541776377959632e+01 8.83411433524055312e+00 -7.82363931995360806e-01
1.22030825520089365e+01 9.58142141364694311e+00 -7.84654969981896100e-01
1.29106577040677823e+01 1.02901584614059871e+01 7.83168343460259542e-01
1.36178833844691081e+01 1.09972389517016964e+01 7.83041882089046570e-01
1.43265224344382105e+01 1.17050733391081643e+01 -7.84555046719690785e-01
1.50351732063155286e+01 1.24149272910730097e+01 7.80153370854914985e-01
5.49327754213443775e+00 1.45795895421606581e+00 7.84654969981895212e-01
6.20178782270245854e+00 2.16578042092370637e+00 -7.83141114970476004e-01
7.02761452280654453e+00 2.75570805093277826e+00 -7.85284433624446665e-01
7.61848354345052314e+00 3.58166477752152446e+00 7.81772909088513046e-01
8.32634968586074109e+00 4.29109362971861685e+00 -7.84654969981898986e-01
9.03516351277134966e+00 4.99723025175043745e+00 7.85097649549881926e-01
9.74310815020639787e+00 5.70561717796145551e+00 7.82098118750684246e-01
1.04500004532913646e+01 6.41474614410823918e+00 7.84654969981889105e-01
1.11583917895493574e+01 7.12238512586379713e+00 -7.83568526077586647e-01
1.19889161022967432e+01 7.70710666790845700e+00 -7.84832119083727742e-01
1.25748262845447503e+01 8.53829071079046287e+00 7.81685144630612894e-01
1.32828973620154311e+01 9.24757667086308643e+00 -7.84654969981896100e-01
1.40351634850924860e+01 9.91011705387138875e+00 7.85288546628308159e-01
1.46988551421160114e+01 1.06622355066209629e+01 7.83041882089046570e-01
1.54062984239502132e+01 1.13711595791115059e+01 -7.84702890325458369e-01
