# n = 292
# s = 17.597249391199519
# x y theta(rad)
5.00010235313686824e-01 1.70972362883765925e+01 -2.04708368953406515e-05
1.52753190430811570e+00 1.70972493911994050e+01 -8.67135597277936177e-17
2.55553026692048535e+00 1.70972493911994015e+01 -8.71602233562114311e-15
3.58141961684933419e+00 1.70972493911994619e+01 1.13946594406867095e-13
4.59311912803337208e+00 1.70972493911994050e+01 1.79948022163169071e-16
5.60594969036336188e+00 1.70972493911994015e+01 -9.29876951623052551e-15
6.61941703266433734e+00 1.70972493911994050e+01 5.04072653486880218e-17
7.63647500272389834e+00 1.70972493911994050e+01 -1.54015390556537550e-17
8.65059192981444269e+00 1.70972493911994086e+01 -1.08801593709408789e-17
9.66185963844812790e+00 1.70972493911994050e+01 1.88155455258931280e-17
1.06742324102529818e+01 1.70972493911994050e+01 -8.29472355207886164e-19
1.16908269103524383e+01 1.70972493911994050e+01 -3.99838191424628497e-18
1.27050355609400150e+01 1.70972493911994050e+01 7.09145674379164185e-19
1.37161213670572799e+01 1.70972493911994050e+01 6.19019023516039561e-18
5.00000000000003997e-01 1.60463305402715832e+01 2.60602574975567266e-17
1.50000000026855984e+00 1.60972493911990640e+01 -2.74997753118736525e-15
2.50000000026889380e+00 1.60972493911990675e+01 -4.72951532946362156e-15
3.50000000026922597e+00 1.60972493911990568e+01 -8.72006087331817910e-15
4.50000000026956215e+00 1.60972493911991847e+01 -3.31628546996022260e-15
5.50000000026989788e+00 1.60972493911990746e+01 4.33062971041567367e-15
6.50000000027023539e+00 1.60972493911990604e+01 -6.90057949357944916e-17
7.50000000027056934e+00 1.60972493911990711e+01 -4.68223782718248677e-17
8.50000000027089975e+00 1.60972493911990746e+01 4.29274372214920237e-15
9.50000000027123370e+00 1.60972493911990675e+01 -1.95961246597190016e-18
1.05000000002715570e+01 1.60972493911990746e+01 1.24651549423235812e-14
1.15000000002719052e+01 1.60972493911990817e+01 -1.54908099181479737e-14
1.25000000002722320e+01 1.60955277522976985e+01 1.29970947138538197e-14
1.35000000002725731e+01 1.60972493911990711e+01 3.47643123206866007e-17
5.00000000000003997e-01 1.50390945052607812e+01 5.94480434907989699e-15
1.50000000000034062e+00 1.50972493911987264e+01 5.88338374831505688e-15
2.50000000000067635e+00 1.50972493911987371e+01 1.62854671937516360e-16
3.50000000000101119e+00 1.50972493911987300e+01 2.82500361014529644e-17
4.50000000000128431e+00 1.50972493911987904e+01 -1.23443935781238749e-13
5.50000000000155431e+00 1.50972493911987371e+01 -6.74199374665012489e-17
6.50000000000188649e+00 1.50972493911987407e+01 4.22095267605335926e-15
7.50000000000222045e+00 1.50972493911987371e+01 3.33994985902252343e-15
8.50000000027090330e+00 1.50972493911987300e+01 4.25427626957716036e-15
9.50000000027123903e+00 1.50972493911987335e+01 4.26560079926649858e-15
1.05000000002715730e+01 1.50972493911987371e+01 4.29473883242502652e-15
1.15000000002719052e+01 1.50972493911987371e+01 4.30318908611737156e-15
1.25000120372787951e+01 1.50946932534016600e+01 -2.40748393878342946e-05
5.00000000000003997e-01 1.40312175805601349e+01 -1.31694113273944359e-17
1.50000000000033795e+00 1.40972493911983925e+01 -4.82308078649750267e-17
2.50000000000066569e+00 1.40972493911984031e+01 -3.82764339303802896e-15
3.50000000000100142e+00 1.40972493911983925e+01 -7.60457873409323638e-15
4.50000000000133227e+00 1.40972493911983960e+01 1.97853388755287963e-17
5.50000000000166800e+00 1.40972493911983925e+01 -6.45498683866801958e-15
6.50000000000200018e+00 1.40972493911984067e+01 -7.44565634473086062e-17
7.50000000000233413e+00 1.40972493911984031e+01 -2.48058336336862693e-17
8.50000000000266809e+00 1.40972493911984067e+01 -8.47028164316882956e-16
9.50000000000300027e+00 1.40972493911983996e+01 4.25015568776093784e-15
1.05000000000033342e+01 1.40972493911984031e+01 4.26650507349240248e-15
1.15000000000036682e+01 1.40972493911984067e+01 -2.15408521469521524e-15
5.00000000000003997e-01 1.30281535180036947e+01 8.00859791279722858e-15
1.50000000000033440e+00 1.30972493911980621e+01 6.86718785369614295e-15
2.50000000000067102e+00 1.30972493911980656e+01 1.46345760754204348e-16
3.50000000000100497e+00 1.30972493911980585e+01 7.34488219291577816e-16
4.50000000000133937e+00 1.30972493911980621e+01 1.94335720682892332e-16
5.50000000000167155e+00 1.30972493911980621e+01 -7.74383858014530846e-16
6.50000000000200728e+00 1.30972493911980727e+01 -2.18917792086794676e-15
7.50000000000233946e+00 1.30972493911980763e+01 4.59342174025789607e-16
8.50000000000267164e+00 1.30972493911980834e+01 4.08429146214590409e-15
9.50000000000300560e+00 1.30972493911980692e+01 4.08567110453233701e-15
1.05000000000033360e+01 1.30972493911980656e+01 -2.26586918193793150e-15
5.00000000000005773e-01 1.20263974388425616e+01 1.47752564094811079e-15
1.50000000000033618e+00 1.20972493911977299e+01 6.91308013407381171e-15
2.50000000000067457e+00 1.20972493911977264e+01 -1.90882513985561793e-15
3.50000000000100053e+00 1.20972493911977352e+01 4.39866329734408338e-15
4.50000000000133937e+00 1.20972493911977299e+01 1.48096639018698049e-16
5.50000000000167155e+00 1.20972493911977352e+01 6.55565759480396743e-18
6.50000000000200551e+00 1.20972493911977423e+01 2.98618278409090272e-15
7.50000000000233591e+00 1.20972493911977477e+01 4.06356413640964410e-15
8.50000000000266986e+00 1.20972493911977512e+01 4.11700430949711424e-15
9.50000000000300560e+00 1.20972493911977352e+01 -4.86785693797137155e-16
5.00000000000003997e-01 1.10253191629752685e+01 -4.36465654091423698e-17
1.50000000000034239e+00 1.10972493911973960e+01 6.85977578027394416e-15
2.50000000000067102e+00 1.10972493911973906e+01 4.78375990040242425e-15
3.50000000000100675e+00 1.10972493911974031e+01 6.90061440142187201e-16
4.50000000000133760e+00 1.10972493911974013e+01 3.64816629599196276e-15
5.50000000000167510e+00 1.10972493911974031e+01 -1.78572517696275221e-15
6.50000000000200551e+00 1.10972493911974084e+01 4.10297331921556055e-15
7.50000000000233946e+00 1.10972493911974119e+01 4.10662235921106024e-15
8.50000000000267342e+00 1.10972493911974173e+01 4.12466326285779896e-15
5.00000000000003997e-01 1.00217266438170576e+01 -2.02076041149540975e-17
1.50000000000033351e+00 1.00972493911970602e+01 9.90486933271915905e-15
2.50000000000067280e+00 1.00972493911970602e+01 -5.28590374280935248e-16
3.50000000000100497e+00 1.00972493911970602e+01 1.35228104534351793e-15
4.50000000000133937e+00 1.00972493911970691e+01 -7.78111180744359803e-16
5.50000000000166800e+00 1.00972493911970691e+01 3.55798018728546203e-15
6.50000000000200728e+00 1.00972493911970744e+01 4.15406793089123420e-15
7.50000000000234301e+00 1.00972493911970762e+01 7.56679148186442203e-15
5.00000000000003997e-01 9.02144998310703272e+00 3.23774294739974238e-17
1.50000000000033795e+00 9.09724939119672094e+00 -1.24079619964300402e-16
2.50000000000066658e+00 9.09724939119672982e+00 9.87106848443878459e-15
3.50000000000100497e+00 9.09724939119672626e+00 1.35029755989088349e-15
4.50000000000133760e+00 9.09724939119673337e+00 2.70476212526423745e-15
5.50000000000167333e+00 9.09724939119673515e+00 -2.08712646039447493e-15
6.50000000000201617e+00 9.09724939119674048e+00 -1.82172858542682090e-14
5.00000000000003997e-01 8.02078610335792774e+00 4.28427617547816584e-17
1.50000000000033795e+00 8.09724939119639231e+00 1.14704211507036029e-18
2.50000000000066747e+00 8.09724939119639586e+00 7.12226040845094916e-15
3.50000000000100142e+00 8.09724939119639586e+00 7.17497323568416420e-15
4.50000000000133582e+00 8.09724939119638876e+00 7.12922996931397036e-15
5.50000000000167155e+00 8.09724939119640297e+00 2.93082414075726841e-15
5.00000000000003997e-01 7.01899295463842599e+00 2.91953766812509351e-17
1.50000000000033262e+00 7.09724939119605658e+00 9.86109883338337497e-15
2.50000000000066924e+00 7.09724939119606812e+00 1.63694551263089001e-14
3.50000000000099876e+00 7.09724939119605480e+00 7.32557582168305069e-15
4.50000000000135536e+00 7.09724939119607701e+00 5.10680189923847917e-14
5.00000000000003997e-01 6.01827020423603187e+00 -2.87452459492540687e-17
1.50000000000033795e+00 6.09724939119571729e+00 -1.24295676027227118e-16
2.50000000000067102e+00 6.09724939119572529e+00 -7.71026122350456166e-17
3.50000000000100853e+00 6.09724939119572085e+00 7.32813379922231600e-15
5.00000000000003997e-01 5.01754425425003081e+00 -3.21649643289554783e-17
1.50000000000034150e+00 5.09724939119538689e+00 8.25389723699688698e-15
2.70606205844826730e+00 4.89118733274780215e+00 7.31032272884334589e-01
5.01832884947067459e-01 4.01541445692701515e+00 -3.67249782839626331e-03
2.10825476576919213e+00 4.02272526042944545e+00 7.31032272884342804e-01
1.70972493911994121e+01 1.70627359541745385e+01 -1.45687361161782167e-17
1.59025169704580716e+01 1.70972493911994050e+01 -2.26452837830358621e-17
1.48821900481653611e+01 1.70760292393836508e+01 -4.10988621845669380e-02
1.70972493911994121e+01 1.60623570904476338e+01 7.24715533813653863e-18
1.60972493911990782e+01 1.60972493911990711e+01 1.14812824057332784e-16
1.70780534733986862e+01 1.50570271316116369e+01 -6.51328813278238654e-03
6.38833029797134078e-01 5.00000000000000000e-01 4.04254124199252793e-17
1.65044268045187303e+00 5.00000000000000000e-01 -5.20569317009900659e-17
2.66586630182407491e+00 5.00159432605759235e-01 -3.18892209578898868e-04
5.00000000000003997e-01 1.50000000000033307e+00 -1.04791296495172680e-17
1.50000000000033795e+00 1.50000000000033307e+00 -3.97142941505617008e-18
5.00000000000003997e-01 2.50000000000066702e+00 1.12756959764043457e-17
1.69099979442893584e+01 5.00000000000000000e-01 1.54125974538302527e-17
1.58209553459169339e+01 5.00000000000000000e-01 4.50849467672545492e-17
1.47981677361284714e+01 5.00000000000000000e-01 -6.62705786525680700e-19
1.37786995121651241e+01 5.00000000000000000e-01 -7.15835616222250252e-17
1.27715280469460879e+01 5.00000000000012434e-01 -2.48351568256849727e-14
1.17617343756927060e+01 5.00000000000000000e-01 3.57061955573521571e-17
1.07486860710897254e+01 5.00000000000005329e-01 9.14933146575852964e-15
9.73837915424941514e+00 5.00000000000000000e-01 2.98111581680915997e-17
8.72576949905653798e+00 5.00000000000000000e-01 2.91174927824516724e-17
7.71626683045440664e+00 5.00000000000000000e-01 -1.92434013312564914e-17
6.70601007449636022e+00 5.00000000000000000e-01 -3.48373516213640352e-17
5.70055503513414230e+00 5.00000000000000000e-01 5.08996582875180286e-17
4.68711616317416002e+00 5.00000000000000000e-01 4.38659034740870324e-18
3.67562044517293218e+00 5.00000000000000000e-01 5.51079244253067457e-17
1.70972493911994121e+01 1.50000000000033307e+00 -2.50303562712433038e-17
1.60972493911990782e+01 1.50000000000033484e+00 2.31472325233949765e-15
1.50972493911987442e+01 1.50000000000033396e+00 -3.69365171393559083e-16
1.40972493911984103e+01 1.50000000000033307e+00 -3.09484041012126403e-17
1.30972493911980745e+01 1.50000000000033307e+00 -4.03346633670559095e-17
1.20972493911977406e+01 1.50000000000033307e+00 2.78346483044194630e-17
1.10972493911974084e+01 1.50000000000033307e+00 3.68559322211364178e-15
1.00972493911970727e+01 1.50000000000033662e+00 2.46079883976181872e-17
9.09724939119673870e+00 1.50000000000033307e+00 -2.60481078671746425e-16
8.09724939119640474e+00 1.50000000000033484e+00 -1.44447539471479621e-16
7.09724939119607079e+00 1.50000000000033307e+00 4.28159197970072733e-19
6.09724939119573683e+00 1.50000000000033307e+00 7.16825698781035799e-18
5.09724939119540110e+00 1.50000000000033307e+00 4.31040436181649343e-15
1.70972493911994121e+01 2.50000000000066702e+00 -3.45121785594889524e-17
1.60972493911990746e+01 2.50000000000066791e+00 9.60238259595832950e-16
1.50972493911987442e+01 2.50000000000066791e+00 -3.46109484803878639e-17
1.40972493911984014e+01 2.50000000000066880e+00 1.67793217663718579e-15
1.30972493911980656e+01 2.50000000000066969e+00 -3.63474873006072610e-15
1.20972493911977299e+01 2.50000000000066702e+00 -1.61060923888935296e-16
1.10972493911973960e+01 2.50000000000066880e+00 2.14904430707886614e-15
1.00972493911970620e+01 2.50000000000066969e+00 1.51622777904516295e-15
9.09724939119673515e+00 2.50000000000067857e+00 2.24260461593224386e-14
8.09724939119640474e+00 2.50000000000066525e+00 -5.54108058089773515e-18
7.09724939119606724e+00 2.50000000000066969e+00 -8.26328352355871227e-15
6.09724939119573683e+00 2.50000000000066702e+00 -9.80586936075446365e-17
1.70972493911994121e+01 3.50000000000100098e+00 -1.46178183222599225e-17
1.60972493911990782e+01 3.50000000000100098e+00 -2.96029571118175109e-17
1.50972493911987300e+01 3.50000000000099565e+00 1.07063461523570162e-14
1.40972493911984014e+01 3.50000000000100275e+00 -6.03299786451693196e-16
1.30972493911980674e+01 3.50000000000100098e+00 -5.55060402573889758e-16
1.20972493911977352e+01 3.50000000000100187e+00 -2.77450580477301253e-15
1.10972493911973960e+01 3.50000000000100009e+00 5.04572089316578333e-15
1.00972493911970549e+01 3.50000000000101430e+00 2.36052280216781098e-14
9.09724939119673159e+00 3.50000000000100364e+00 3.41220734991206091e-17
8.09724939119639764e+00 3.50000000000099831e+00 -1.33467408983215732e-17
7.09724939119606191e+00 3.50000000000100364e+00 4.61832249832720232e-15
1.70972493911994121e+01 4.50000000000133493e+00 1.81863520673546321e-16
1.60972493911990746e+01 4.50000000000133493e+00 1.99163183295312688e-15
1.50972493911987371e+01 4.50000000000133760e+00 1.99650506437781621e-15
1.40972493911984031e+01 4.50000000000131894e+00 1.06600598780043073e-14
1.30972493911980710e+01 4.50000000000133760e+00 -1.58271753511996549e-15
1.20972493911977370e+01 4.50000000000133671e+00 -2.74811370605096361e-15
1.10972493911974031e+01 4.50000000000133582e+00 -2.74794220671149195e-15
1.00972493911970691e+01 4.50000000000133582e+00 -3.66426940119157281e-15
9.09724939119673159e+00 4.50000000000133760e+00 3.60741456931608910e-17
8.09724939119640119e+00 4.50000000000133582e+00 -7.36789844406532127e-15
1.70792088948548049e+01 5.50000000000166800e+00 7.86600469700080957e-15
1.60780338530527658e+01 5.50000000000166445e+00 -4.83890823865138933e-15
1.50748063998405595e+01 5.50000000000166356e+00 1.27817503883972829e-15
1.40736411779080495e+01 5.50000000000165912e+00 -2.41656161052516331e-15
1.30707173548951410e+01 5.50000000000166533e+00 -1.53918397605518821e-15
1.20679454664403245e+01 5.50000000000166001e+00 -5.36979686326536230e-17
1.10671332628370305e+01 5.50000000000167599e+00 9.35154357950065957e-15
1.00638282050168524e+01 5.50000000000167066e+00 3.35360923092174435e-15
9.06056909677404221e+00 5.50391575903752539e+00 -2.47267734163693917e-03
1.70972493911994121e+01 6.50160887051811187e+00 2.62049432116004690e-17
1.60972493911990782e+01 6.50000000000200018e+00 4.24903544440293341e-17
1.50972493911987424e+01 6.50000000000200018e+00 -1.13775421240358427e-16
1.40972493911984067e+01 6.50000000000199840e+00 -2.39922126811156100e-15
1.30972493911980727e+01 6.50000000000199307e+00 -1.06467594921018587e-15
1.20972493911977370e+01 6.50000000000198774e+00 -2.50735576430580137e-16
1.10972493911974031e+01 6.50000000000199130e+00 4.03478078021636908e-15
1.00972493911970691e+01 6.50000000000200373e+00 4.03084717244489859e-15
1.70972493911994121e+01 7.50213451192004666e+00 5.32939295693598523e-17
1.60972493911990782e+01 7.50000000000233324e+00 2.19487706334604860e-15
1.50972493911987424e+01 7.50000000000233413e+00 -6.60263687551279835e-16
1.40972493911984103e+01 7.50000000000232614e+00 -6.28204654358623131e-16
1.30972493911980745e+01 7.50000000000232436e+00 4.01330643938383453e-15
1.20972493911977388e+01 7.50000000000232170e+00 -1.56177478275950572e-16
1.10972493911974031e+01 7.50000000000232081e+00 1.99417872275064263e-15
1.70972493911994121e+01 8.50261088923754293e+00 2.24171446694227483e-15
1.60972493911990782e+01 8.50000000000266809e+00 2.23576097047634862e-15
1.50972493911987424e+01 8.50000000000266809e+00 2.19629988444454000e-15
1.40972493911983907e+01 8.50000000000265743e+00 1.31714640240734005e-14
1.30972493911980639e+01 8.50000000000266454e+00 -5.83221017966728226e-16
1.20972493911977370e+01 8.50000000000266098e+00 1.32737188513246798e-14
1.70972493911994121e+01 9.50372579946154694e+00 1.24236538036217211e-15
1.60972493911990817e+01 9.50000000000300204e+00 3.75854121631722683e-15
1.50972493911987442e+01 9.50000000000300027e+00 -5.92767292730177444e-16
1.40972493911984103e+01 9.50000000000299671e+00 -3.16979365765877434e-16
1.30972493911980763e+01 9.50000000000299671e+00 8.51857487318714696e-16
1.70972493911994157e+01 1.05067062451076492e+01 3.48472881900665880e-17
1.60972493911990782e+01 1.05000000000033324e+01 -2.84172635467769628e-15
1.50972493911987442e+01 1.05000000000033342e+01 -2.54940193277081833e-15
1.40972493911984103e+01 1.05000000000033307e+01 -3.53754713789654478e-15
1.70972493911994121e+01 1.15078714670445592e+01 4.41030001433000534e-17
1.60972493911990782e+01 1.15000000000036682e+01 3.83205784275052742e-17
1.50972493911987442e+01 1.15000000000036682e+01 -3.77748253211070970e-15
1.70972493911994121e+01 1.25087768291276973e+01 -4.69335611055289063e-17
1.60972493911990782e+01 1.25000000000040021e+01 4.06718477314154930e-17
1.70672255236501620e+01 1.35113359360419967e+01 -4.19080024382935141e-03
1.45170490117807072e+00 3.24156945962387155e+00 7.10169911523886643e-01
2.18733292569827809e+00 2.54001279169484562e+00 7.31032272884333367e-01
2.83889825238365967e+00 1.50016588466542178e+00 -2.70399070928343654e-04
2.82723047994664212e+00 3.32427774070393678e+00 7.31032272884333478e-01
3.49486898283971259e+00 2.57979212670231739e+00 7.31032272884333478e-01
4.09724939119506715e+00 1.50000000000033307e+00 1.96052407045581075e-17
3.40651672223006896e+00 4.17613053793946154e+00 7.31032272884333478e-01
4.07415522512313899e+00 3.43164492393784304e+00 7.31032272884333478e-01
4.76287223722638231e+00 2.70606205844825531e+00 7.31032272884333478e-01
4.04299828538981032e+00 4.96420466843227093e+00 7.31032272884333478e-01
4.71063678828287991e+00 4.21971905443065243e+00 7.31032272884333478e-01
5.39935380038612323e+00 3.49413618894106381e+00 7.31032272884333478e-01
4.71343450888713100e+00 5.71441585956478537e+00 7.31032272884333478e-01
5.38107301181886299e+00 4.96993024552005469e+00 7.31032272884333145e-01
6.09253332417558369e+00 4.21898626053201031e+00 7.31032272884347134e-01
5.48066342318088928e+00 6.35669324291629767e+00 7.31032272884333700e-01
6.14830192607396064e+00 5.61220762891467828e+00 7.31032272884333700e-01
6.83856736008544175e+00 4.88489811370357074e+00 7.31032272884347134e-01
6.17384294697035152e+00 7.08154331450724328e+00 7.31032272884347134e-01
6.84148144986342288e+00 6.33705770050562478e+00 7.31032272884347134e-01
7.53019846196666265e+00 5.61147483501603439e+00 7.31032272884347134e-01
6.82212193261124256e+00 7.88918291451000186e+00 -7.76936701612375824e-01
7.49654501363441916e+00 7.10441098869454812e+00 7.31032272884347134e-01
8.19922466380301174e+00 6.37365810624093676e+00 7.49123254073232325e-01
7.61944009753850615e+00 8.53908054910477432e+00 -7.31032272884351242e-01
8.29236903794564562e+00 7.79164899376482989e+00 -7.31032272884346246e-01
8.98244121871977441e+00 7.06333391504402819e+00 -7.31032272884346246e-01
1.47728978890905598e+01 1.60773260747104914e+01 -3.68968873487214577e-02
1.54255225748751901e+01 1.50398341819269810e+01 7.31032272555713902e-01
1.61350950526808390e+01 1.43001822276272446e+01 7.19091522594610955e-01
1.41011591477584393e+01 1.50163620644549223e+01 7.31032272555713902e-01
1.47700189111980400e+01 1.42729716503430701e+01 7.31032272555713902e-01
1.54575575777552743e+01 1.35463320701900756e+01 7.31032272555713902e-01
1.33996878659166487e+01 1.42843799457224350e+01 7.56471800104646430e-01
1.40730032922322579e+01 1.35181203798474847e+01 -7.84948145110264783e-01
1.47815063967305509e+01 1.27621545392938671e+01 -7.70111589165793475e-01
1.26456513997311131e+01 1.35683088475356612e+01 -7.31032272884376555e-01
1.33187450044678801e+01 1.28210609098630943e+01 -7.31032272884376555e-01
1.40083687247519251e+01 1.20922457515605064e+01 -7.31032272884376555e-01
1.18595225763054444e+01 1.28903150005934268e+01 7.63314639421776242e-01
1.25770905746188291e+01 1.21001149295180248e+01 7.68539335041549809e-01
1.32644118944366820e+01 1.13736811420600130e+01 7.68539335041549809e-01
1.12026540311783567e+01 1.21073804680609438e+01 7.31032272884381662e-01
1.18719090380475318e+01 1.13643444996592322e+01 7.31032272884372447e-01
1.25594378609472290e+01 1.06376960919400982e+01 7.31032272884372447e-01
1.05094745073888802e+01 1.13825303964700097e+01 7.31032272884381662e-01
1.11787295142580394e+01 1.06394944280682644e+01 7.31032272884398759e-01
1.18669775462805021e+01 9.91204402818870456e+00 7.31032272884379219e-01
9.71528416241699055e+00 1.07703177819803688e+01 7.31032272884381662e-01
1.04342439002564511e+01 9.97185592517515929e+00 7.31032272884396539e-01
1.11217727231561820e+01 9.24520751745604663e+00 7.31032272884379219e-01
9.07180936959780837e+00 9.99004182198597945e+00 7.31032272884381662e-01
9.74106437646695689e+00 9.24700585358423766e+00 7.31032272884381662e-01
1.04285931993666878e+01 8.52035744586513388e+00 7.31032272884381662e-01
8.36515047065047135e+00 9.25485914220416639e+00 7.70011644740318024e-01
9.03606510428865839e+00 8.49573332792589397e+00 -7.79307458057761027e-01
9.72585960250172654e+00 7.76256158656876405e+00 -7.70930683255912408e-01
